<?xml version="1.0"?>
<opencv_storage>
<calibration_time>"Di 06 Dez 2016 21:40:23 CET"</calibration_time>
<nr_of_frames>25</nr_of_frames>
<image_width>640</image_width>
<image_height>480</image_height>
<board_width>9</board_width>
<board_height>6</board_height>
<square_size>50.</square_size>
<fix_aspect_ratio>1.</fix_aspect_ratio>
<!-- flags: +fix_aspectRatio +fix_principal_point +zero_tangent_dist -->
<flags>6158</flags>
<fisheye_model>0</fisheye_model>
<camera_matrix type_id="opencv-matrix">
  <rows>3</rows>
  <cols>3</cols>
  <dt>d</dt>
  <data>
    9.7668075388214822e+02 0. 3.1950000000000000e+02 0.
    9.7668075388214822e+02 2.3950000000000000e+02 0. 0. 1.</data></camera_matrix>
<distortion_coefficients type_id="opencv-matrix">
  <rows>5</rows>
  <cols>1</cols>
  <dt>d</dt>
  <data>
    -3.8006404134198768e-01 5.4803244258850539e+00 0. 0.
    -1.9104215014849647e+01</data></distortion_coefficients>
<avg_reprojection_error>1.8782244223859459e+00</avg_reprojection_error>
<per_view_reprojection_errors type_id="opencv-matrix">
  <rows>25</rows>
  <cols>1</cols>
  <dt>f</dt>
  <data>
    2.23781481e-01 2.14907825e-01 2.29114279e-01 2.30164692e-01
    2.27360293e-01 2.19986871e-01 2.34582305e-01 2.36428231e-01
    2.97372729e-01 3.26682627e-01 1.89880788e+00 2.94939590e+00
    1.29015839e+00 6.92456841e-01 1.34368968e+00 7.46767092e+00
    9.28826690e-01 1.08679807e+00 1.23685765e+00 1.27425635e+00
    1.26060045e+00 1.32847500e+00 1.76002896e+00 1.16645348e+00
    1.59861755e+00</data></per_view_reprojection_errors>
<extrinsic_parameters type_id="opencv-matrix">
  <rows>25</rows>
  <cols>6</cols>
  <dt>d</dt>
  <data>
    3.3636256629418376e-01 4.0165091449218843e-01 3.0379233011942968e+00
    3.2449847611804591e+02 2.0274467866606827e+01 1.5983989365458879e+03
    3.3616607988691588e-01 4.0201938377522084e-01 3.0374676405243308e+00
    3.2414698210051495e+02 1.9617683398282765e+01 1.5988246829637330e+03
    3.3627736497992317e-01 4.0158288252456897e-01 3.0373857273421807e+00
    3.2406080212184048e+02 1.9455190661278749e+01 1.5988447479239046e+03
    3.3605478197821897e-01 4.0147667437806900e-01 3.0372655119049470e+00
    3.2405723025001475e+02 1.8961087138211987e+01 1.5990524479923790e+03
    3.3657614491161997e-01 4.0419917207292577e-01 3.0369142548059052e+00
    3.2363576780695996e+02 1.8775149377353241e+01 1.5983944063884726e+03
    3.3526986447316881e-01 3.9976262413379215e-01 3.0379517570963022e+00
    3.2414395835057826e+02 1.9821796921541825e+01 1.5992419910230840e+03
    3.3130712475639795e-01 4.0198017275682535e-01 3.0385379840627236e+00
    3.2505574014097283e+02 2.0666737951016291e+01 1.5989795921254547e+03
    3.3378384365415348e-01 4.0155400016290188e-01 3.0384594649248275e+00
    3.2486580782828190e+02 2.0648903366254057e+01 1.5982763194191862e+03
    3.3606702376471254e-01 3.9923778323108106e-01 3.0380472628817756e+00
    3.2480229715034488e+02 2.0571050106464245e+01 1.5982399148841498e+03
    3.3346016884351914e-01 3.7776650271495088e-01 3.0260017795118430e+00
    3.2716574106088063e+02 2.1650700823965686e+01 1.5978572126970014e+03
    -4.7334933973038656e-01 -3.2129996079497603e-01
    -3.0639722299907692e+00 2.3034673930293894e+02
    4.7101248896714829e+01 9.6878599577469629e+02 1.3704549399840107e-01
    4.6281495748252588e-01 3.0765016666557070e+00 2.3814373051193638e+02
    6.0653372216297512e+01 9.0002870519457247e+02
    -1.3408906556328529e-01 -2.8120527544454044e-01
    -3.1234625673484131e+00 2.1258584566666852e+02
    7.3014463271273272e+01 9.2154468106920490e+02
    -4.6878099156962498e-02 -1.6606459290275577e-01
    -3.0951748624452189e+00 1.9635316390340870e+02
    9.2381677319753550e+01 9.4603723115258595e+02 4.0153194676911218e-02
    -2.3443885573026516e-01 -3.1251830690880222e+00
    1.9296845392615728e+02 1.0639522358774904e+02 9.7273751587421793e+02
    -6.4070336285173696e-02 2.3595952404392290e-01
    3.1315270738699201e+00 2.4948968731589625e+02 9.9236112470953671e+01
    9.6863561708461089e+02 1.0258023764603781e+00 1.5598891193727865e-01
    -2.6157895915380953e+00 9.8229134251432285e+01
    1.6484493023926714e+02 1.2003348152793017e+03 1.0065650514539997e+00
    2.1710779593809126e-01 -2.6830719975860862e+00
    1.1084024904770534e+02 2.0027177534574599e+02 1.2890166702783395e+03
    9.4099434248108815e-01 2.0008419504437891e-01
    -2.6602752275828050e+00 9.9545151174938184e+01
    2.5885693090997972e+02 1.3186238432797750e+03 8.8552400744137405e-01
    2.4348520355086584e-01 -2.6600554393139388e+00
    1.0619257693369620e+02 2.6409463072812628e+02 1.3423379975352809e+03
    8.9453525202812623e-01 2.2169765175193326e-01
    -2.6549055495200671e+00 1.0370422489600305e+02
    2.6248443189775929e+02 1.3277014901865491e+03 9.0223140624053944e-01
    2.0785858799977625e-01 -2.6554272199326463e+00
    1.0225613875148146e+02 2.5518860810595555e+02 1.3137225958709830e+03
    8.8197052340092030e-01 1.9884304326437599e-01
    -2.6719956433184939e+00 1.4865105430313199e+02
    2.5062612579332250e+02 1.2972314090514590e+03 9.0290438330785727e-01
    3.2630823305990916e-02 -2.6982443323042711e+00
    2.0383220745251759e+02 2.3982488989800626e+02 1.2643172977057857e+03
    8.5344559538653508e-01 1.4171373044258126e-01
    -2.6899655081283402e+00 2.1942921925175284e+02
    2.2725065578132501e+02 1.2766700362640775e+03</data></extrinsic_parameters>
