<?xml version="1.0"?>
<opencv_storage>
<calibration_time>"Di 06 Dez 2016 22:13:57 CET"</calibration_time>
<nr_of_frames>25</nr_of_frames>
<image_width>640</image_width>
<image_height>480</image_height>
<board_width>9</board_width>
<board_height>6</board_height>
<square_size>50.</square_size>
<fix_aspect_ratio>1.</fix_aspect_ratio>
<!-- flags: +fix_aspectRatio +fix_principal_point +zero_tangent_dist -->
<flags>6158</flags>
<fisheye_model>0</fisheye_model>
<camera_matrix type_id="opencv-matrix">
  <rows>3</rows>
  <cols>3</cols>
  <dt>d</dt>
  <data>
    6.2932079053927112e+02 0. 3.1950000000000000e+02 0.
    6.2932079053927112e+02 2.3950000000000000e+02 0. 0. 1.</data></camera_matrix>
<distortion_coefficients type_id="opencv-matrix">
  <rows>5</rows>
  <cols>1</cols>
  <dt>d</dt>
  <data>
    6.6718596918482906e-02 -6.5229415007896557e-02 0. 0.
    -1.3935845516852086e-01</data></distortion_coefficients>
<avg_reprojection_error>1.1569547906769075e+00</avg_reprojection_error>
<per_view_reprojection_errors type_id="opencv-matrix">
  <rows>25</rows>
  <cols>1</cols>
  <dt>f</dt>
  <data>
    2.62319654e-01 2.99719214e-01 2.63469100e-01 3.24714065e-01
    2.38555461e-01 4.68589872e-01 7.57401586e-01 5.29126287e-01
    6.71593904e-01 2.86714345e-01 4.70226169e-01 4.82845068e-01
    6.55569375e-01 9.94343162e-01 1.59893227e+00 1.38589931e+00
    2.56561661e+00 2.07040381e+00 2.63167691e+00 2.48211098e+00
    5.18025458e-01 5.79580367e-01 4.11257714e-01 4.61751401e-01
    4.17776674e-01</data></per_view_reprojection_errors>
<extrinsic_parameters type_id="opencv-matrix">
  <rows>25</rows>
  <cols>6</cols>
  <dt>d</dt>
  <data>
    2.4179427923145574e-01 -7.9120706523476303e-01
    -2.6496550275161068e+00 6.4812279484849213e+01
    3.9966625780201321e+02 1.1162318714314090e+03 2.2767971715928934e-01
    -7.0367294961631333e-01 -2.6108804033486361e+00
    5.8477200673434311e+01 4.0058012986117387e+02 1.1244250592019844e+03
    2.3390986672179159e-01 -7.0841007897570996e-01
    -2.6330596053311082e+00 6.4985397841832793e+01
    4.0206532520585830e+02 1.1239601663825015e+03 2.6798243660007182e-01
    -7.1179163872120665e-01 -2.7127635575988145e+00
    7.6043798398132779e+01 4.1756628582950697e+02 1.1204028268912475e+03
    2.9027355009881750e-01 -8.3207269091605374e-01
    -2.8422595579098338e+00 1.0653736923406146e+02
    4.1248597917402907e+02 1.1225331570381809e+03 3.3318511174679122e-01
    -8.6193727374222417e-01 -2.9694906098423242e+00
    1.6451406334289601e+02 3.9840001364593763e+02 1.1469027529639195e+03
    -4.0763303313121474e-02 -4.2806001163470164e-01
    -2.4783043100851843e+00 -1.5914061618835962e+02
    1.1059363232329629e+02 1.1931306452950450e+03
    -2.8168129640154149e-03 -4.6872767873415300e-01
    -2.4160729867454855e+00 -2.0541877196491396e+02
    1.8291885544846932e+02 1.4590222898240611e+03
    -1.3112366955498417e-01 -4.4497547545001015e-01
    -2.3249420770776483e+00 -2.8861900381301609e+02
    1.3372629590610111e+02 1.6036027179648740e+03
    -1.4589418834312784e-01 -4.6467966354675605e-01
    -2.3292455024267928e+00 -3.0754257251873247e+02
    1.1614112292257245e+02 1.6179184236050316e+03 5.3442063566189808e-02
    -3.7315949881386790e-01 -3.0882422699967917e+00
    3.3811807948313934e+01 1.9373352700524438e+02 1.0027194379180556e+03
    2.5322635062803678e-01 -6.0596859565198313e-01
    -3.0734958197191178e+00 -1.7403665769993626e+01
    3.2142897531554303e+02 9.1719596555353451e+02 1.1069633279585872e-02
    -2.3735124332871571e-01 -3.1313811604623778e+00
    9.9340958596518291e+01 1.4934635528596493e+01 8.4055226928799993e+02
    6.9656958131036423e-02 3.9917412386717227e-02
    -3.1375357589523807e+00 9.2957217258536502e+01
    -6.3130223932937826e+00 8.7030310921825821e+02
    2.2970135381663173e-01 6.2132816385486511e-01
    -3.0513654910730001e+00 9.5000632357285340e+01
    -3.8660320163833582e+01 9.4503784758458050e+02
    2.3875889580338183e-01 7.7086009361475238e-01
    -3.0051405773220323e+00 9.4598126309014390e+01
    -4.3845841312618170e+01 9.5882623001995341e+02
    2.7352921535107266e-01 9.0113749358154316e-01
    -2.9607895536311655e+00 9.7101527556610307e+01
    -4.2962873782981063e+01 9.3986855286090463e+02
    2.5215841945551065e-01 1.0170396038912135e+00
    -2.9184107091528269e+00 1.1352328122592458e+02
    -4.8712389522159064e+01 9.1894903652729136e+02
    2.6691756723599092e-01 1.0118059605644287e+00
    -2.9048208159169198e+00 1.2893553002872204e+02
    -3.1261385740508221e+01 8.8296679667397768e+02
    2.3982359505495893e-01 1.0613513437394093e+00
    -2.8651974589136806e+00 1.3626060566830023e+02
    -1.6130749237978399e+01 8.4970342567593104e+02
    5.9600865956090143e-01 -4.6075208691270064e-01
    -2.8707517298714285e+00 -1.4604310428226637e+02
    1.0892681733546947e+02 1.2198613962005506e+03 5.8885185084923974e-01
    -3.1571480898394605e-01 -2.8919952860771128e+00
    -8.3834553665091633e+01 1.3180544234097587e+02
    1.2465101244541795e+03 4.9644928383232823e-01
    -2.6157698130827117e-01 -2.8866487786250259e+00
    -2.9424658499968682e+01 1.4343755432778192e+02
    1.2455893076826794e+03 4.9128089889556953e-01
    -2.8497112397214491e-01 -2.8835698465067456e+00
    -1.6050264893274687e+01 1.4334731878903031e+02
    1.2445033691300384e+03 4.8585235086848261e-01
    -2.9005607520278359e-01 -2.8850755050970558e+00
    -1.3389346409876200e+01 1.4321549807873214e+02
    1.2464228632930856e+03</data></extrinsic_parameters>
