<?xml version="1.0"?>
<opencv_storage>
<calibration_time>"Mi 31 Mai 2017 15:09:03 CEST"</calibration_time>
<nr_of_frames>25</nr_of_frames>
<image_width>640</image_width>
<image_height>480</image_height>
<board_width>9</board_width>
<board_height>6</board_height>
<square_size>50.</square_size>
<fix_aspect_ratio>1.</fix_aspect_ratio>
<!-- flags: +fix_aspectRatio +fix_principal_point +zero_tangent_dist -->
<flags>6158</flags>
<fisheye_model>0</fisheye_model>
<camera_matrix type_id="opencv-matrix">
  <rows>3</rows>
  <cols>3</cols>
  <dt>d</dt>
  <data>
    9.8133054877034817e+02 0. 3.1950000000000000e+02 0.
    9.8133054877034817e+02 2.3950000000000000e+02 0. 0. 1.</data></camera_matrix>
<distortion_coefficients type_id="opencv-matrix">
  <rows>5</rows>
  <cols>1</cols>
  <dt>d</dt>
  <data>
    -1.5719546835512047e-01 1.2073987718077406e+00 0. 0.
    -7.9625664278299189e+00</data></distortion_coefficients>
<avg_reprojection_error>6.5561441687452526e-01</avg_reprojection_error>
<per_view_reprojection_errors type_id="opencv-matrix">
  <rows>25</rows>
  <cols>1</cols>
  <dt>f</dt>
  <data>
    6.88290775e-01 4.60086673e-01 4.94960666e-01 5.43222904e-01
    5.39917707e-01 5.28010547e-01 5.77820003e-01 6.11685157e-01
    6.20523036e-01 5.86471677e-01 5.60171008e-01 5.19335091e-01
    5.27823031e-01 4.77948844e-01 6.94814384e-01 7.52857625e-01
    7.23691761e-01 7.26775289e-01 5.66610157e-01 5.91005743e-01
    7.50589788e-01 9.48618293e-01 1.08355999e+00 7.95111716e-01
    6.17242932e-01</data></per_view_reprojection_errors>
<extrinsic_parameters type_id="opencv-matrix">
  <rows>25</rows>
  <cols>6</cols>
  <dt>d</dt>
  <data>
    -5.2997461845120511e-02 -3.5409801239740002e-01
    3.0513856404403472e+00 -3.9105161209404244e+01
    -4.1083870517955035e+01 1.5945042800301787e+03
    -4.8386720590647407e-02 -2.9756923414248515e-01
    3.0697768069285036e+00 4.4476017312123247e+01
    -2.8641380425770990e+01 1.5504813220216815e+03
    9.7574717500948607e-02 -2.5856175531093012e-01
    3.0853905642817696e+00 7.5798316684039605e+01 3.9876782266484447e+01
    1.4345382667955489e+03 1.3031228162301833e-01
    -2.5372332841618628e-01 3.0861184303348712e+00
    9.1802539281404492e+01 7.5651732949976264e+01 1.4164412304223251e+03
    1.2873192370290051e-01 -2.4111640907831658e-01
    3.0904358018684475e+00 1.0513938114836084e+02 1.1335712041590865e+02
    1.4042712975887775e+03 1.3114473718552969e-01
    -2.4979077329743923e-01 3.0996936474609953e+00
    1.1485620243959798e+02 1.5129944289275321e+02 1.3847040995430921e+03
    1.7078539746072463e-01 -2.5210728712799635e-01
    3.1014544598881164e+00 1.2566877475553213e+02 1.6431032710611731e+02
    1.3589613123576382e+03 1.9158940041608449e-01
    -2.4845850929366023e-01 3.0913544381194193e+00
    1.5981599955497052e+02 1.7133956919087740e+02 1.3360929945910730e+03
    2.0125826378148362e-01 -2.6014221617101663e-01
    3.0816191683971650e+00 1.9610552620814468e+02 1.8011957174946861e+02
    1.3326447163673683e+03 2.0795796346150300e-01
    -2.5766257999563358e-01 3.0720234347799966e+00
    2.4150583914576742e+02 1.8569303569215563e+02 1.3263611851606026e+03
    2.5580466465823853e-01 -2.5460002015200300e-01
    3.0673679836229608e+00 2.6758214292806667e+02 1.8548816926105843e+02
    1.3198480484561676e+03 2.4583750896839140e-01
    -2.5848210975540065e-01 3.0626420715517102e+00
    2.9642605206220423e+02 1.8117547709968147e+02 1.3329484026039099e+03
    2.7423152567222764e-01 -2.7037200824090574e-01
    3.0555348908100721e+00 3.1990694100537013e+02 1.7702683242244555e+02
    1.3448969982366350e+03 2.7171806717553659e-01
    -2.8820915306866152e-01 3.0571346249425457e+00
    3.4044785033121002e+02 1.6838592504031894e+02 1.3716565397324323e+03
    -2.4877093435994821e-01 2.2389160819415593e-01
    -3.1101501183386251e+00 2.9160780694271739e+02
    1.8027713975063378e+02 1.3860240203633591e+03
    -2.4795441336056442e-01 1.4256528812830213e-01
    -2.9799270307954178e+00 2.0529463730344193e+02
    1.9936679936355333e+02 1.3814823872724701e+03
    -2.6808215767420213e-01 1.6454616198303901e-01
    -2.9047204282500365e+00 1.5729595609119025e+02
    2.1028884509984394e+02 1.3836727847638228e+03
    -3.0124888712771064e-01 1.5807364701608653e-01
    -2.8185026623728895e+00 1.0377112443934863e+02
    2.2499564479213254e+02 1.3828016829186436e+03
    -2.5028710868024218e-01 1.6151187989946403e-01
    -2.7299539092649545e+00 4.5498489351955897e+01
    2.4116868526601183e+02 1.3950130634359189e+03
    -1.7553062595685068e-01 2.3890593187205048e-01
    -2.6587092459736574e+00 -1.0435906283268707e+01
    2.4117108246709208e+02 1.4048133208872218e+03
    -2.8350979010037730e-01 1.4706416408016951e-01
    -2.7589086998404078e+00 7.2842649815953280e+00
    2.1011030419823101e+02 1.2564749868326717e+03
    -2.3192303023381700e-01 2.1249527832056345e-01
    -2.7831238872769521e+00 2.3838278890401938e+01
    1.9039371854912457e+02 1.2045317834776911e+03
    -3.5068710713134171e-01 2.5091165351333783e-01
    -2.8756777278950527e+00 1.8710121375360657e+02
    1.0128644744905037e+02 1.0858841804440181e+03
    -3.1784165383908675e-01 1.7391706267316784e-01
    -2.8795328361864097e+00 2.0395847784306628e+02
    8.4596188514897236e+01 1.0782785590074384e+03
    -2.8244276470240842e-01 3.2378135125976079e-02
    -2.8576275464793812e+00 1.8706082660580296e+02
    8.0553317783629126e+01 1.0715367218539116e+03</data></extrinsic_parameters>
