<?xml version="1.0"?>
<opencv_storage>
<calibration_time>"Mi 31 Mai 2017 15:20:07 CEST"</calibration_time>
<nr_of_frames>25</nr_of_frames>
<image_width>640</image_width>
<image_height>480</image_height>
<board_width>9</board_width>
<board_height>6</board_height>
<square_size>50.</square_size>
<fix_aspect_ratio>1.</fix_aspect_ratio>
<!-- flags: +fix_aspectRatio +fix_principal_point +zero_tangent_dist -->
<flags>6158</flags>
<fisheye_model>0</fisheye_model>
<camera_matrix type_id="opencv-matrix">
  <rows>3</rows>
  <cols>3</cols>
  <dt>d</dt>
  <data>
    8.9168866740497629e+02 0. 3.1950000000000000e+02 0.
    8.9168866740497629e+02 2.3950000000000000e+02 0. 0. 1.</data></camera_matrix>
<distortion_coefficients type_id="opencv-matrix">
  <rows>5</rows>
  <cols>1</cols>
  <dt>d</dt>
  <data>
    5.6276960021097652e-03 -7.8093771447730764e-01 0. 0.
    1.8032463740537963e+00</data></distortion_coefficients>
<avg_reprojection_error>5.5108087873255684e-01</avg_reprojection_error>
<per_view_reprojection_errors type_id="opencv-matrix">
  <rows>25</rows>
  <cols>1</cols>
  <dt>f</dt>
  <data>
    4.86193985e-01 5.52026033e-01 3.51601541e-01 4.43943858e-01
    4.06983852e-01 6.71278834e-01 7.75509119e-01 4.04794246e-01
    4.40796226e-01 4.64623392e-01 4.95822996e-01 6.26356304e-01
    8.28016877e-01 8.34880292e-01 6.70592904e-01 5.44284463e-01
    4.75679368e-01 4.58969802e-01 4.82795507e-01 5.07567704e-01
    4.95285422e-01 5.01867056e-01 5.07916391e-01 4.93616462e-01
    4.95510668e-01</data></per_view_reprojection_errors>
<extrinsic_parameters type_id="opencv-matrix">
  <rows>25</rows>
  <cols>6</cols>
  <dt>d</dt>
  <data>
    4.2170769040600004e-01 4.9048247611141382e-01
    -2.9990827245343032e+00 -1.3881957478287958e+02
    1.6029696773584195e+02 1.7743618098054485e+03 3.7279623789712674e-01
    5.4481122696859230e-01 -2.9900797284593299e+00
    -1.0710591277818470e+02 1.6645391519736134e+02
    1.7724360389414298e+03 4.0066986702754592e-01 3.8214185996935873e-01
    -3.0346335788773651e+00 -3.2708343184425921e+01
    1.8872748143091709e+02 1.7186063186853801e+03 3.8052743167472580e-01
    4.7705574722095223e-01 -3.0108639034582287e+00
    -1.2448288028616552e+01 1.9491312795689618e+02
    1.7097710370827333e+03 3.6231497153359293e-01 4.6436185003444869e-01
    -3.0180074080808130e+00 -8.1898500249340653e+00
    1.9418355270856856e+02 1.7127963045894512e+03 3.6888195403741980e-01
    6.2378066371074870e-01 -2.9740024317439651e+00
    1.0531550764360196e+01 2.0199751803828070e+02 1.7045340851929775e+03
    3.3742652817173474e-01 6.2818444240488291e-01
    -2.9783364299775332e+00 2.8712992952495906e+01
    2.1409703750631274e+02 1.6705853342938215e+03 3.7697398033349949e-01
    2.9379614637531742e-01 -3.0581003305636933e+00
    6.6915787451376346e+01 2.3529487018759667e+02 1.5787881191116519e+03
    3.4467376866104210e-01 3.7379792738454537e-01
    -3.0412817181646732e+00 7.6658041825031518e+01
    2.4976463463880785e+02 1.5454399585761225e+03 2.4485991971173227e-01
    3.4134931115795991e-01 -3.0505855829451201e+00
    1.0219799070227664e+02 2.6490364389918824e+02 1.4990744858115511e+03
    2.0628586535256702e-01 2.9521964473649381e-01
    -3.0661895855222685e+00 1.4594733191685114e+02
    2.7796928463550103e+02 1.4496971799020089e+03
    -3.5230629570457410e-02 2.7570901294884054e-01
    -3.0546650994123699e+00 2.0402394689100242e+02
    3.0677845311262541e+02 1.3730809726776542e+03
    -1.6261408059547477e-01 3.2079597036701435e-01
    -3.0308690993400829e+00 2.7045668451443760e+02
    3.3103960712286693e+02 1.3274991601899765e+03
    -2.0872996911752939e-01 3.0568599954151299e-01
    -3.0274198824071585e+00 3.4066427983429094e+02
    3.4345925650043682e+02 1.3113985623835169e+03
    -2.8663462676383750e-01 3.1250820540174507e-01
    -3.0090776036001832e+00 3.8359193024392818e+02
    3.4903693433762714e+02 1.3141644287860183e+03
    -1.8662312887999222e-01 3.1621620312167426e-01
    -3.0176130618076327e+00 3.7600876036612681e+02
    3.4677174701468823e+02 1.3284665264157331e+03
    -1.0337513461401490e-01 3.3404706193695610e-01
    -3.0223423875319440e+00 3.4461365561790456e+02
    3.4262288866496533e+02 1.3319482821348761e+03 4.2146838349097319e-03
    3.0824464221818459e-01 -3.0242604122705159e+00
    3.0960683479902502e+02 3.3638692157758675e+02 1.3326929645380776e+03
    2.2411102267941710e-01 3.3407654896390226e-01
    -3.0086522208416300e+00 2.6474536497486451e+02
    3.1981113584508620e+02 1.3547645891737520e+03 2.4677547210809464e-01
    3.6470290239397002e-01 -3.0422300234543562e+00
    2.4892982117419103e+02 2.9980660120037510e+02 1.3637023888982460e+03
    3.2552531356769371e-01 3.4633631279975718e-01
    -3.0561277007153129e+00 2.1862825753690967e+02
    2.7959484135246350e+02 1.3655939799882883e+03 3.2223556451619434e-01
    3.3729360045258489e-01 -3.0806364174951471e+00
    2.0063471497760992e+02 2.6790261712003007e+02 1.3650972130502514e+03
    4.1026402139884227e-01 3.5039948940635679e-01
    -3.0911172971271577e+00 1.6368226172410979e+02
    2.5207082787834932e+02 1.3857839518838455e+03 4.2486026425579793e-01
    3.6758957273664833e-01 -3.0832705937838898e+00
    1.3572227378242317e+02 2.5550020156795463e+02 1.4023413547774039e+03
    -4.5887154410496706e-01 -3.6740256882528205e-01
    3.0835049216887809e+00 1.0795237491615106e+02 2.4956723916471310e+02
    1.4191116304979562e+03</data></extrinsic_parameters>
